'Algiers',,,,,,,,1,,,,,,,1,,,,,,,,,,,1,,,,,,,,,,1,,,,,,,,,,,,
'Atlanta',,,,,,,,,,1,,,,,,,,,,,,,,,,,,,1,,,,,,,,,,,,,,,,,,,1
'Baghdad',,,,,,,,1,,,,,,,1,,,1,,,,,,,,,,,,,,,,,,,1,,,,,,,,,1,,
'Bangkok',,,,,,,,,1,,,,1,1,,1,,,,,1,,,,,,,,,,,,,,,,,,,,,,,,,,,
'Bejing',,,,,,,,,,,,,,,,,,,,,,,,,,,,,,,,,,,,,,,,,1,1,,,,,,
'Bogota',,,,,,,1,,,,,,,,,,,,,,,,1,,,,,1,1,,,,,,,,,,,1,,,,,,,,
'BuenosAires',,,,,,1,,,,,,,,,,,,,,,,,,,,,,,,,,,,,,,,,,1,,,,,,,,
'Cairo',1,,1,,,,,,,,,,,,1,,,,1,,,,,,,,,,,,,,,,,,1,,,,,,,,,,,
'Chennai',,,,1,,,,,,,1,,,,,1,,,,,1,,,,,,,,,,,,1,,,,,,,,,,,,,,,
'Chicago',,1,,,,,,,,,,,,,,,,,,,,,,,1,,,1,,,1,,,,,,,1,,,,,,,,,,
'Delhi',,,,,,,,,1,,,,,,,,,1,,,1,,,,,,,,,,,,1,,,,,,,,,,,,,1,,
'Essen',,,,,,,,,,,,,,,,,,,,,,,,1,,,,,,1,,,,,,1,,,,,,,1,,,,,
'HoChiMinhCityi,,,,1,,,,,,,,,,1,,1,,,,,,,,,,,1,,,,,,,,,,,,,,,,,,,,,
'HongKong',,,,1,,,,,,,,,1,,,,,,,,1,,,,,,1,,,,,,,,,,,,,,,1,,,1,,,
'Istanbul',1,,1,,,,,1,,,,,,,,,,,,,,,,,,,,,,1,,1,,,,,,,,,,,1,,,,,
'Jakarta',,,,1,,,,,1,,,,1,,,,,,,,,,,,,,,,,,,,,,,,,,,,,,,1,,,,
'Johannesburg',,,,,,,,,,,,,,,,,,,1,1,,,,,,,,,,,,,,,,,,,,,,,,,,,,
'Karachi',,,1,,,,,,,,1,,,,,,,,,,,,,,,,,,,,,,1,,,,1,,,,,,,,,1,,
'Khartoum',,,,,,,,1,,,,,,,,,1,,,1,,1,,,,,,,,,,,,,,,,,,,,,,,,,,
'Kinshasa',,,,,,,,,,,,,,,,,1,,1,,,1,,,,,,,,,,,,,,,,,,,,,,,,,,
'Kolkata',,,,1,,,,,1,,1,,,1,,,,,,,,,,,,,,,,,,,,,,,,,,,,,,,,,,
'Lagos',,,,,,,,,,,,,,,,,,,1,1,,,,,,,,,,,,,,,,,,,,1,,,,,,,,
'Lima',,,,,,1,,,,,,,,,,,,,,,,,,,,,,1,1,,,,,,,,,,1,,,,,,,,,
'London',,,,,,,,,,,,1,,,,,,,,,,,,,,1,,,,,,,,1,,1,,,,,,,,,,,,
'LosAngeles',,,,,,,,,,1,,,,,,,,,,,,,,,,,,1,,,,,,,,,,1,,,,,,1,,,,
'Madrid',1,,,,,,,,,,,,,,,,,,,,,,,1,,,,,,,,,,1,,1,,,,1,,,,,,,,
'Manila',,,,,,,,,,,,,1,1,,,,,,,,,,,,,,,,,,,,,,,,1,,,,,,1,1,,,
'MexicoCity',,,,,,1,,,,1,,,,,,,,,,,,,1,,1,,,,1,,,,,,,,,,,,,,,,,,,
'Miami',,1,,,,1,,,,,,,,,,,,,,,,,,,,,,1,,,,,,,,,,,,,,,,,,,,1
'Milan',,,,,,,,,,,,1,,,1,,,,,,,,,,,,,,,,,,,,,1,,,,,,,,,,,,
'Montreal',,,,,,,,,,1,,,,,,,,,,,,,,,,,,,,,,,,1,,,,,,,,,,,,,,1
'Moscow',,,,,,,,,,,,,,,1,,,,,,,,,,,,,,,,,,,,,,,,,,,,1,,,1,,
'Mumbai',,,,,,,,,1,,1,,,,,,,1,,,,,,,,,,,,,,,,,,,1,,,,,,,,,,,
'NewYork',,,,,,,,,,,,,,,,,,,,,,,,1,,1,,,,,1,,,,,,,,,,,,,,,,,1
'Osaka',,,,,,,,,,,,,,,,,,,,,,,,,,,,,,,,,,,,,,,,,,,,,1,,1,
'Paris',1,,,,,,,,,,,1,,,,,,,,,,,,1,,1,,,,1,,,,,,,,,,,,,,,,,,
'Riyadh',,,1,,,,,1,,,,,,,,,,1,,,,,,,,,,,,,,,,,,,,,,,,,,,,,,
'SanFrancisco',,,,,,,,,,1,,,,,,,,,,,,,,,1,,1,,,,,,,,,,,,,,,,,,,,1,
'Santiago',,,,,,,,,,,,,,,,,,,,,,,1,,,,,,,,,,,,,,,,,,,,,,,,,
'SaoPaulo',,,,,,1,1,,,,,,,,,,,,,,,1,,,,1,,,,,,,,,,,,,,,,,,,,,,
'Seoul',,,,,1,,,,,,,,,,,,,,,,,,,,,,,,,,,,,,,,,,,,,1,,,,,1,
'Shanghai',,,,,1,,,,,,,,,1,,,,,,,,,,,,,,,,,,,,,,,,,,,1,,,,1,,1,
'StPetersburg',,,,,,,,,,,,1,,,1,,,,,,,,,,,,,,,,,1,,,,,,,,,,,,,,,,
'Sydney',,,,,,,,,,,,,,,,1,,,,,,,,,1,,1,,,,,,,,,,,,,,,,,,,,,
'Taipei',,,,,,,,,,,,,,1,,,,,,,,,,,,,1,,,,,,,,1,,,,,,,1,,,,,,
'Tehran',,,1,,,,,,,,1,,,,,,,1,,,,,,,,,,,,,,1,,,,,,,,,,,,,,,,
'Tokyo',,,,,,,,,,,,,,,,,,,,,,,,,,,,,,,,,,,1,,,1,,,1,1,,,,,,
'Washington',,1,,,,,,,,,,,,,,,,,,,,,,,,,,,1,,1,,,1,,,,,,,,,,,,,,
